5 0.43376 0.5447747747747748 0.15 0.2561861861861862
5 0.25782 0.5715015015015015 0.13062 0.21585585585585584
5 0.385 0.8328528528528528 0.225 0.32564564564564563
5 0.10156 0.8572672672672673 0.17312 0.28435435435435436
5 0.32156 0.22474474474474476 0.10312 0.18300300300300298
5 0.15938 0.45984984984984983 0.12875999999999999 0.19144144144144143
5 0.60812 0.36504504504504504 0.12126 0.18207207207207207
5 0.18875999999999998 0.24447447447447446 0.1325 0.1585885885885886
5 0.73782 0.6071771771771771 0.16812 0.23087087087087085
5 0.6709400000000001 0.8528528528528528 0.29688 0.29429429429429427
5 0.75876 0.19801801801801802 0.11 0.1595195195195195
5 0.59688 0.14687687687687687 0.09626 0.1435735735735736