5 0.1838125 0.3541176470588235 0.078125 0.09676470588235295
5 0.4679375 0.6941911764705883 0.1135 0.11514705882352941
5 0.6652812499999999 0.3961764705882353 0.08715625 0.12286764705882354
5 0.47121874999999996 0.39136029411764706 0.07731249999999999 0.08996323529411765
5 0.2976875 0.6409558823529412 0.13159375 0.1131985294117647
5 0.39309375 0.3715073529411765 0.07893750000000001 0.100625
5 0.7166875 0.7367279411764706 0.11759375000000001 0.12672794117647057
5 0.47490625 0.8625367647058824 0.10115624999999999 0.13834558823529414
5 0.1443125 0.8639705882352942 0.1143125 0.1335294117647059
5 0.30140625 0.8213970588235293 0.109375 0.13738970588235294
5 0.58059375 0.2752573529411765 0.06909375 0.08996323529411765
5 0.28165625 0.36474264705882353 0.09621874999999999 0.0986764705882353
5 0.13075 0.1257720588235294 0.074 0.07352941176470588
5 0.72821875 0.24187500000000003 0.10771875 0.12382352941176471
5 0.6768125 0.5901838235294118 0.11678124999999999 0.1315808823529412
5 0.55634375 0.5166544117647058 0.10278125 0.100625
5 0.140625 0.4697058823529412 0.08715625 0.11514705882352941
5 0.33799999999999997 0.1543014705882353 0.06415625 0.08029411764705882