5 0.31394 0.35653225806451616 0.12264 0.1994758064516129
5 0.10815999999999999 0.7953225806451614 0.13842 0.35125
5 0.20894 0.5586693548387097 0.08106000000000001 0.2047983870967742
5 0.46316 0.5411693548387098 0.11578000000000001 0.2377016129032258
5 0.17394 0.3666129032258065 0.07632 0.13475806451612904
5 0.46658 0.11778225806451613 0.06578 0.1464516129032258
5 0.62264 0.5660887096774193 0.10842 0.2960483870967742
5 0.76106 0.7459677419354839 0.13474 0.32044354838709677
5 0.07632 0.1825 0.06 0.16552419354838707
5 0.71816 0.3920967741935484 0.10578 0.25786290322580646
5 0.94578 0.4552016129032258 0.10842 0.20161290322580644