5 0.3583125 0.643 0.12003124999999999 0.14583333333333334
5 0.80078125 0.6046250000000001 0.095875 0.12975
5 0.5745625000000001 0.5454583333333333 0.09234375 0.13258333333333333
5 0.28409375 0.24479166666666666 0.07103125 0.09941666666666667
5 0.17293750000000002 0.6666666666666666 0.14134375 0.1515
5 0.07953125 0.439375 0.07671875 0.11741666666666667
5 0.4229375 0.31154166666666666 0.06746875 0.08520833333333333
5 0.1281875 0.28504166666666664 0.07171875 0.09658333333333333
5 0.48793749999999997 0.5999166666666667 0.10084375000000001 0.13920833333333332
5 0.50071875 0.4313333333333333 0.08096875 0.10133333333333333
5 0.31818749999999996 0.4517083333333333 0.11078125000000001 0.073875