4 0.28254 0.5154819277108433 0.14442 0.2505421686746988
4 0.29436 0.34981927710843375 0.09714 0.16292168674698795
4 0.38072 0.24575301204819278 0.10258 0.1163855421686747
4 0.42116000000000003 0.343644578313253 0.09437999999999999 0.16975903614457832
4 0.51754 0.27313253012048194 0.0838 0.12731927710843374
4 0.48572000000000004 0.1930421686746988 0.0747 0.07394578313253013
4 0.6007 0.2793072289156627 0.09928000000000001 0.10677710843373495
4 0.45254 0.46551204819277114 0.0756 0.18072289156626506
4 0.39572 0.5668072289156627 0.07984000000000001 0.14237951807228916
4 0.5516 0.43743975903614457 0.10254 0.1574397590361446
4 0.6347999999999999 0.6044578313253012 0.14746 0.12731927710843374
4 0.64616 0.7694277108433735 0.11564 0.15060240963855423
4 0.76114 0.4634337349397591 0.09658 0.14924698795180721
4 0.8643 0.47575301204819276 0.10662 0.15195783132530122
4 0.83112 0.3114759036144578 0.12024 0.12731927710843374
4 0.7134199999999999 0.3203614457831325 0.06658 0.13963855421686747