4 0.2769375 0.5133018867924528 0.1028125 0.15537735849056603
4 0.29578125 0.3440566037735849 0.078 0.12764150943396227
4 0.42628125 0.307311320754717 0.06878125 0.12622641509433963
4 0.464875 0.4578301886792453 0.09081249999999999 0.15537735849056603
4 0.54390625 0.4349528301886792 0.0595625 0.14014150943396228
4 0.6385625 0.6312264150943396 0.09628125 0.18867924528301888
4 0.63671875 0.7720754716981132 0.1256875 0.12622641509433963
4 0.7690625 0.46962264150943395 0.08890624999999999 0.187311320754717
4 0.8678437499999999 0.47377358490566035 0.08796875 0.19283018867924528
4 0.64775 0.37806603773584907 0.11281250000000001 0.16231132075471696
4 0.59996875 0.2774528301886792 0.08709375 0.12764150943396227
4 0.51128125 0.2698584905660377 0.09171875 0.1040566037735849
4 0.38537499999999997 0.24000000000000002 0.08809375 0.05547169811320755
4 0.47818750000000004 0.1969811320754717 0.09171875 0.07212264150943395
4 0.70703125 0.294811320754717 0.12290625 0.17066037735849057
4 0.8131875000000001 0.2781603773584906 0.10778125000000001 0.15400943396226413