5 0.44107999999999997 0.5895199999999999 0.09642 0.13522666666666666
5 0.54102 0.61752 0.0879 0.12362666666666666
5 0.51954 0.48373333333333335 0.10668000000000001 0.12466666666666666
5 0.32495999999999997 0.6275999999999999 0.09124 0.14370666666666668
5 0.38133999999999996 0.6770933333333333 0.10876000000000001 0.14679999999999999
5 0.69628 0.7649866666666667 0.10742 0.15869333333333333
5 0.09222 0.6588533333333333 0.11536 0.14501333333333333
5 0.8007799999999999 0.6959733333333333 0.09912 0.13810666666666666
5 0.8071200000000001 0.54752 0.10632 0.14706666666666665
5 0.37889999999999996 0.38410666666666665 0.09587999999999999 0.12053333333333334
5 0.88964 0.6103466666666667 0.0979 0.14152
5 0.32788 0.28304 0.08618 0.11613333333333332
5 0.6626000000000001 0.48112 0.08832 0.13125333333333333
5 0.22376 0.7291733333333333 0.09998 0.1324
5 0.57666 0.7083466666666667 0.13574 0.16112
5 0.59326 0.41568 0.09136 0.11344
5 0.93652 0.7252533333333334 0.11474 0.15333333333333332
5 0.24134 0.43 0.08038 0.10848
5 0.35766000000000003 0.4843733333333333 0.08898 0.10173333333333333
5 0.771 0.3133066666666667 0.08436 0.10776
5 0.70312 0.14706666666666665 0.08008 0.09237333333333334
5 0.34252 0.19058666666666665 0.06562 0.08928
5 0.427 0.46842666666666666 0.0885 0.10482666666666668
5 0.61084 0.52408 0.07544 0.11839999999999999
5 0.51562 0.13957333333333335 0.07068 0.09221333333333333
5 0.20898 0.33138666666666666 0.08331999999999999 0.09717333333333333
5 0.25268 0.24445333333333333 0.07806 0.11450666666666666
5 0.91308 0.5178933333333333 0.10723999999999999 0.11410666666666666
5 0.16540000000000002 0.3938933333333334 0.08281999999999999 0.10205333333333334
5 0.5229400000000001 0.22981333333333334 0.0935 0.10205333333333334
5 0.61914 0.8567733333333334 0.13122 0.16389333333333334
5 0.6206 0.33138666666666666 0.08252 0.10336
5 0.8794 0.8704533333333334 0.12890000000000001 0.16138666666666668
5 0.45556 0.13290666666666667 0.0613 0.08528
5 0.21569999999999998 0.85416 0.09272 0.11384
5 0.03656 0.37890666666666667 0.07171999999999999 0.12672
5 0.96842 0.15064 0.06314 0.09205333333333335
5 0.34058 0.8704533333333334 0.10687999999999999 0.11506666666666666
5 0.7295 0.28304 0.08270000000000001 0.10293333333333334
5 0.12744 0.13144 0.07184 0.09285333333333333
5 0.31274 0.4654933333333333 0.06573999999999999 0.11775999999999999
5 0.95714 0.3655466666666667 0.08572 0.10506666666666667
5 0.79688 0.22330666666666665 0.07574 0.09285333333333333
5 0.56592 0.2998133333333334 0.05996 0.09650666666666666
5 0.9646399999999999 0.23159999999999997 0.0707 0.09074666666666667
5 0.5912999999999999 0.13664 0.08331999999999999 0.09935999999999999
5 0.63916 0.20264 0.0702 0.09935999999999999
5 0.19616 0.5611999999999999 0.11084000000000001 0.1364
5 0.729 0.5149866666666667 0.09008 0.12914666666666666
5 0.8276399999999999 0.46712 0.10394 0.0936
5 0.07276 0.14885333333333334 0.06756000000000001 0.08912
5 0.8647400000000001 0.37533333333333335 0.11102 0.12296
5 0.8144600000000001 0.061840000000000006 0.06904 0.07994666666666667
5 0.49218 0.35058666666666666 0.096 0.10677333333333333
5 0.73682 0.9495733333333333 0.11878 0.10088
5 0.54492 0.39224000000000003 0.0628 0.11042666666666666
5 0.047420000000000004 0.8704533333333334 0.09251999999999999 0.15544
5 0.11126000000000001 0.3430933333333333 0.09722 0.11693333333333333
5 0.04476 0.5354933333333334 0.0888 0.13501333333333335
5 0.80664 0.14128 0.0805 0.09952
5 0.72168 0.4069066666666667 0.11536 0.09952
5 0.19776 0.13712 0.07464 0.08928
5 0.8803799999999999 0.21517333333333333 0.0863 0.09074666666666667
5 0.64306 0.2799466666666667 0.07032 0.08146666666666667
5 0.10931999999999999 0.2628533333333333 0.08929999999999999 0.09138666666666667
5 0.70704 0.23648000000000002 0.08416 0.10448
5 0.17492 0.9218666666666666 0.10632 0.15088
5 0.77832 0.18197333333333332 0.07208 0.09685333333333333
5 0.36376 0.11546666666666666 0.05912 0.08389333333333333
5 0.50292 0.03997333333333333 0.08362 0.07373333333333333
5 0.03644 0.7018133333333334 0.07056 0.14005333333333334
5 0.61036 0.06848 0.07196 0.07472
5 0.6645599999999999 0.09701333333333334 0.06720000000000001 0.08416
5 0.7480399999999999 0.03416 0.05844 0.06552
5 0.09968 0.9492266666666667 0.11634 0.09912
5 0.13378 0.48794666666666664 0.08912 0.09285333333333333
5 0.9355399999999999 0.45898666666666665 0.11474 0.12181333333333333
5 0.8901399999999999 0.14397333333333334 0.08868000000000001 0.10293333333333334
5 0.40942 0.20101333333333332 0.0741 0.08416
5 0.36132 0.9349066666666666 0.12128 0.12688
5 0.0345 0.29053333333333337 0.069 0.09122666666666666
5 0.22266 0.022906666666666665 0.0603 0.04512000000000001
5 0.74072 0.10130666666666667 0.05126 0.07677333333333333
5 0.5776399999999999 0.22461333333333333 0.061439999999999995 0.07821333333333333
5 0.40454 0.28808 0.08508 0.11839999999999999
5 0.36694 0.5533866666666667 0.09466 0.07909333333333333
5 0.48218 0.68944 0.07922 0.1630933333333333
5 0.85546 0.29946666666666666 0.09331999999999999 0.07994666666666667
5 0.35596 0.07568 0.04904 0.06114666666666667
5 0.30786 0.17237333333333332 0.07148 0.09221333333333333
5 0.50732 0.9626933333333333 0.11718 0.07461333333333334
5 0.6752999999999999 0.036 0.07654000000000001 0.06477333333333334
5 0.9174800000000001 0.09685333333333333 0.0683 0.06128
5 0.19702 0.08733333333333333 0.0549 0.06405333333333334
5 0.03228 0.22445333333333334 0.06454 0.08512
5 0.08362 0.06722666666666667 0.055200000000000006 0.06989333333333334
5 0.91602 0.035146666666666666 0.08416 0.06912
5 0.21630000000000002 0.19776 0.0805 0.08781333333333333
5 0.39722 0.06346666666666667 0.0541 0.06552
5 0.09772 0.20573333333333335 0.06781999999999999 0.07109333333333333
5 0.25488 0.08325333333333333 0.05154 0.06786666666666666
5 0.11634 0.06949333333333332 0.05866 0.06346666666666667
5 0.31788 0.12208000000000001 0.06744 0.08512
5 0.35766000000000003 0.019706666666666667 0.04672 0.03792
5 0.27076 0.13933333333333334 0.0494 0.07389333333333334
5 0.14112 0.02184 0.06806 0.04368
5 0.76612 0.06786666666666666 0.03964 0.06384000000000001
5 0.31616000000000005 0.019173333333333334 0.047420000000000004 0.03792
5 0.1504 0.6145866666666666 0.09858 0.12101333333333333
5 0.1687 0.24642666666666665 0.0611 0.08101333333333333
5 0.98256 0.5892 0.03486 0.12826666666666667
5 0.02278 0.06266666666666666 0.04554 0.08733333333333333
5 0.28637999999999997 0.04821333333333333 0.051840000000000004 0.05053333333333333
5 0.018179999999999998 0.14754666666666666 0.036340000000000004 0.07608000000000001
5 0.85888 0.03128 0.04352 0.056639999999999996
5 0.98172 0.05904 0.036539999999999996 0.052853333333333335
5 0.12214 0.5751999999999999 0.07574 0.07677333333333333
5 0.78222 0.02136 0.06268 0.0416
5 0.06118 0.02818666666666667 0.048299999999999996 0.05637333333333334
5 0.97776 0.08829333333333333 0.0445 0.047760000000000004
5 0.85938 0.09253333333333334 0.04968 0.05968
5 0.86376 0.2557066666666667 0.09124 0.07954666666666667