5 0.67214 0.8042933333333334 0.13286 0.18762666666666666
5 0.58496 0.6136 0.13428 0.18344000000000002
5 0.69628 0.6396533333333333 0.13024000000000002 0.17106666666666667
5 0.66064 0.4466133333333333 0.14038 0.18375999999999998
5 0.86914 0.49088000000000004 0.15052000000000001 0.19090666666666667
5 0.5044 0.7578133333333333 0.08648 0.12688
5 0.41968 0.7116 0.09808 0.14957333333333334
5 0.36524 0.7949333333333334 0.10016 0.14079999999999998
5 0.90234 0.7252533333333334 0.1886 0.23829333333333333
5 0.49268 0.38703999999999994 0.11658 0.16226666666666667
5 0.31982 0.3668533333333333 0.09222 0.13077333333333332
5 0.47631999999999997 0.9277333333333333 0.08948 0.12010666666666667
5 0.46044 0.24250666666666665 0.09998 0.12989333333333333
5 0.25830000000000003 0.20034666666666665 0.0868 0.13005333333333335
5 0.42895999999999995 0.12557333333333334 0.10394 0.12962666666666667
5 0.65626 0.19661333333333333 0.09742 0.13664
5 0.9524 0.40136 0.09522 0.15274666666666667
5 0.406 0.40786666666666666 0.08008 0.11530666666666667
5 0.57226 0.21418666666666664 0.1007 0.13426666666666667
5 0.3523 0.5224533333333333 0.10858 0.13525333333333334
5 0.40088 0.5589066666666667 0.10357999999999999 0.14525333333333332
5 0.27734 0.09008000000000001 0.07501999999999999 0.12621333333333332
5 0.32642000000000004 0.09594666666666665 0.0857 0.11613333333333332
5 0.7202200000000001 0.09122666666666666 0.09387999999999999 0.11466666666666667
5 0.2367 0.44888000000000006 0.0592 0.07538666666666667
5 0.4895 0.5797599999999999 0.07904000000000001 0.12272000000000001
5 0.29613999999999996 0.3081066666666667 0.07654000000000001 0.10114666666666666
5 0.24708000000000002 0.3417866666666666 0.061439999999999995 0.08389333333333333
5 0.5605399999999999 0.04749333333333333 0.09124 0.09090666666666668
5 0.75146 0.31021333333333334 0.1225 0.14754666666666666
5 0.48266000000000003 0.04464 0.07501999999999999 0.08682666666666668
5 0.5922799999999999 0.12783999999999998 0.10126 0.08975999999999999
5 0.65234 0.3378933333333333 0.09968 0.10930666666666668
5 0.21192 0.03288 0.08728 0.061360000000000005
5 0.7973600000000001 0.4173066666666667 0.07276 0.10832
5 0.33666 0.022986666666666666 0.0702 0.04528