5 0.26953125 0.609375 0.05328125 0.08995833333333333
5 0.18465625000000002 0.8271666666666667 0.07103125 0.10891666666666668
5 0.42328124999999994 0.9384583333333333 0.0880625 0.123125
5 0.3671875 0.8352083333333333 0.09234375 0.10229166666666667
5 0.05609375 0.6344583333333333 0.055406250000000004 0.07954166666666666
5 0.5745625000000001 0.6084166666666667 0.05825 0.07670833333333334
5 0.366125 0.5814583333333334 0.061781249999999996 0.09091666666666667
5 0.6900000000000001 0.8607916666666667 0.076 0.13066666666666665
5 0.50709375 0.8584166666666667 0.073875 0.11079166666666666
5 0.60084375 0.7689583333333334 0.042625 0.09091666666666667
5 0.8391249999999999 0.67 0.0703125 0.11645833333333333
5 0.72975 0.6647916666666667 0.08453125 0.113625
5 0.9289687499999999 0.71875 0.0681875 0.11554166666666667