5 0.28250000000000003 0.4103286384976526 0.095 0.18215962441314554
5 0.15687500000000001 0.6892018779342723 0.14125000000000001 0.24037558685446012
5 0.7150000000000001 0.7394366197183099 0.16499999999999998 0.30328638497652577
5 0.1471875 0.2943661971830986 0.071875 0.1192488262910798
5 0.4303125 0.15821596244131456 0.088125 0.13615023474178403
5 0.6853125 0.384037558685446 0.08562499999999999 0.14084507042253522
5 0.9175000000000001 0.4154929577464789 0.12 0.21502347417840376
5 0.6678124999999999 0.11830985915492957 0.088125 0.09765258215962441
5 0.5140625 0.5854460093896714 0.088125 0.15305164319248826
5 0.5221875 0.4140845070422535 0.079375 0.13333333333333333
5 0.1103125 0.12347417840375587 0.050624999999999996 0.0892018779342723
5 0.576875 0.2112676056338028 0.06875 0.08826291079812207
5 0.8246874999999999 0.2924882629107981 0.081875 0.1380281690140845
5 0.8153124999999999 0.4727699530516432 0.08562499999999999 0.14553990610328638
5 0.213125 0.8999999999999999 0.08875 0.14741784037558686
5 0.35281250000000003 0.2591549295774648 0.07062500000000001 0.09765258215962441
5 0.7006249999999999 0.2539906103286385 0.06875 0.10610328638497653
5 0.83625 0.06291079812206572 0.052500000000000005 0.10328638497652583