5 0.4051875 0.527 0.12003124999999999 0.144875
5 0.5873437499999999 0.59375 0.12075 0.13825
5 0.36221875 0.34941666666666665 0.125 0.14204166666666668
5 0.4833125 0.3375833333333333 0.091625 0.17520833333333333
5 0.11896875 0.462125 0.11578124999999999 0.14016666666666666
5 0.75853125 0.545 0.136375 0.1695
5 0.59871875 0.2622916666666667 0.0895 0.13066666666666665
5 0.7894062500000001 0.2490416666666667 0.09871875 0.11933333333333333
5 0.31925 0.17945833333333333 0.10725 0.143
5 0.18359375 0.7599583333333333 0.15696875 0.19412500000000002
5 0.5546875 0.8068333333333333 0.1775625 0.21591666666666667