4 0.22028 0.4286186186186186 0.17624 0.23204204204204204
4 0.23618 0.7575675675675676 0.14806 0.26753753753753756
4 0.55888 0.9292792792792792 0.15344 0.14141141141141142
4 0.53114 0.40471471471471476 0.19616 0.29894894894894897
4 0.39344 0.47366366366366364 0.13894 0.202012012012012
4 0.49933999999999995 0.1317117117117117 0.18525999999999998 0.1979279279279279
4 0.70068 0.20543543543543544 0.13522 0.186996996996997
4 0.7779400000000001 0.09213213213213213 0.19882 0.18426426426426426
4 0.86158 0.3733333333333333 0.10844 0.12966966966966967
4 0.80932 0.5644144144144144 0.1784 0.24705705705705705
4 0.87246 0.8463063063063063 0.15880000000000002 0.25933933933933934