4 0.14933333333333335 0.07220833333333333 0.2679111111111111 0.13333333333333333
4 0.4123111111111111 0.08679166666666666 0.27875555555555553 0.1625
4 0.07066666666666667 0.24791666666666667 0.14128888888888888 0.1625
4 0.19231111111111113 0.417375 0.2890666666666667 0.19583333333333333
4 0.14266666666666666 0.6527916666666667 0.2842222222222222 0.27220833333333333
4 0.2597333333333333 0.8632083333333332 0.4386666666666667 0.273625
4 0.6374666666666667 0.70625 0.3084 0.198625
4 0.43746666666666667 0.5430416666666668 0.26986666666666664 0.24720833333333334
4 0.8854666666666666 0.5895833333333333 0.22906666666666667 0.2680416666666667
4 0.6952444444444444 0.47220833333333334 0.2965777777777778 0.25833333333333336
4 0.46786666666666665 0.28958333333333336 0.25653333333333334 0.248625
4 0.2871111111111111 0.21179166666666666 0.2264 0.1625
4 0.6663555555555556 0.08125 0.25955555555555554 0.1625
4 0.6863555555555556 0.28195833333333337 0.23142222222222222 0.18054166666666666
4 0.9069333333333334 0.136125 0.18613333333333335 0.24445833333333333
4 0.9099111111111111 0.370125 0.18017777777777777 0.22916666666666666