4 0.040281250000000005 0.15258215962441316 0.0725625 0.12014084507042254
4 0.21490625 0.050422535211267605 0.2085 0.10079812206572769
4 0.3591875 0.04830985915492957 0.08928125 0.07732394366197183
4 0.47315625 0.12220657276995306 0.10953125 0.09253521126760564
4 0.561375 0.0655868544600939 0.10956250000000001 0.0731924882629108
4 0.6684375 0.04765258215962442 0.09946875 0.06765258215962441
4 0.7635625 0.04211267605633803 0.11328125 0.07042253521126761
4 0.83065625 0.10009389671361503 0.0691875 0.0980281690140845
4 0.9110625000000001 0.0655868544600939 0.08115625 0.07042253521126761
4 0.8784375000000001 0.21403755868544602 0.1133125 0.11600938967136151
4 0.7676875 0.20713615023474177 0.081125 0.06629107981220657
4 0.66478125 0.153943661971831 0.12153125000000001 0.08145539906103287
4 0.5563125 0.18985915492957744 0.08475 0.11183098591549295
4 0.38996875000000003 0.2084976525821596 0.0954375 0.12981220657276996
4 0.282 0.18779342723004694 0.090875 0.14910798122065727
4 0.17859375 0.16985915492957745 0.056874999999999995 0.09112676056338029
4 0.118875 0.20990610328638498 0.1046875 0.18502347417840373
4 0.19375 0.32380281690140844 0.12396875 0.12291079812206572
4 0.28753125 0.32934272300469486 0.1113125 0.13671361502347418
4 0.21215625 0.452206572769953 0.10578125000000001 0.11183098591549295
4 0.0926875 0.5737558685446009 0.11678124999999999 0.2168075117370892
4 0.07290624999999999 0.7463380281690141 0.0991875 0.133943661971831
4 0.02834375 0.9115023474178404 0.04496875 0.17704225352112676
4 0.13678125000000002 0.8236619718309859 0.11846874999999998 0.11460093896713615
4 0.19468749999999999 0.6842253521126761 0.11865624999999999 0.14774647887323944
4 0.20846874999999998 0.5620187793427229 0.0984375 0.0856338028169014
4 0.29075 0.47638497652582157 0.1214375 0.15464788732394366
4 0.38584375 0.3755868544600939 0.1131875 0.17676056338028168
4 0.490625 0.2851643192488263 0.12606250000000002 0.10079812206572769
4 0.67715625 0.2789201877934272 0.13671875 0.1436150234741784
4 0.58940625 0.35694835680751175 0.10090625 0.12014084507042254
4 0.742875 0.39492957746478874 0.11187499999999999 0.12427230046948357
4 0.87978125 0.33901408450704223 0.13759375000000001 0.1532863849765258
4 0.951 0.48882629107981224 0.098 0.13258215962441314
4 0.83890625 0.501924882629108 0.11881250000000002 0.13671361502347418
4 0.736 0.5419718309859155 0.10225 0.12291079812206572
4 0.626625 0.5033333333333333 0.11140625 0.12291079812206572
4 0.50578125 0.43427230046948356 0.12146874999999999 0.1394835680751174
4 0.39456250000000004 0.548169014084507 0.12115625000000001 0.1739906103286385
4 0.30634375 0.646244131455399 0.08625000000000001 0.09112676056338029
4 0.38859374999999996 0.7366666666666667 0.12209375 0.156056338028169
4 0.2728125 0.7787793427230046 0.12578125 0.13530516431924883
4 0.1023125 0.948075117370892 0.12125 0.10384976525821597
4 0.2245625 0.9425352112676056 0.09546875 0.11488262910798122
4 0.331625 0.9211737089201878 0.1055625 0.15769953051643193
4 0.4465 0.9225352112676056 0.11840625 0.15492957746478872
4 0.586625 0.9342723004694836 0.1045625 0.13145539906103287
4 0.5080625000000001 0.7407981220657277 0.07978125 0.1394835680751174
4 0.5264375 0.6013615023474178 0.10184375000000001 0.14497652582159623
4 0.6486562499999999 0.6614084507042254 0.12384375 0.12427230046948357
4 0.69415625 0.7767136150234741 0.11925 0.10079812206572769
4 0.776875 0.6738497652582159 0.0935 0.11600938967136151
4 0.8899062499999999 0.6289671361502347 0.0953125 0.11737089201877934
4 0.8513125 0.811924882629108 0.1394375 0.16018779342723002
4 0.76171875 0.9285915492957746 0.08890624999999999 0.11183098591549295
4 0.8540625000000001 0.9598122065727699 0.08059374999999999 0.0803755868544601
4 0.9349375 0.9529107981220657 0.08425 0.09417840375586854
4 0.9615937499999999 0.7649765258215963 0.0750625 0.11873239436619717