5 0.34234375 0.4947916666666667 0.17896875 0.269875
5 0.1978125 0.44175 0.10015624999999999 0.167625
5 0.56428125 0.5094583333333333 0.12003124999999999 0.18562499999999998
5 0.5142187500000001 0.4010416666666667 0.0994375 0.15058333333333335
5 0.7212500000000001 0.61125 0.13565624999999998 0.23770833333333333
5 0.051500000000000004 0.5478333333333333 0.10296875000000001 0.27745833333333336
5 0.30184375 0.2040833333333333 0.10653125000000001 0.14679166666666665
5 0.17115625 0.10275 0.06675 0.09941666666666667
5 0.6605000000000001 0.26941666666666664 0.07953125 0.12595833333333334
5 0.8558125000000001 0.126875 0.11221874999999999 0.18937500000000002
5 0.65021875 0.14866666666666667 0.07884375 0.100375