0 0.5050909090909091 0.5342622950819672 0.16847272727272727 0.2701639344262295
0 0.3906545454545455 0.8329508196721311 0.16410909090909093 0.19262295081967212
0 0.21865454545454546 0.785792349726776 0.20672727272727273 0.3155191256830601
0 0.09658181818181817 0.8833333333333334 0.18963636363636363 0.23333333333333334
0 0.6683636363636364 0.782568306010929 0.19970909090909092 0.24770491803278688
0 0.8768 0.7993442622950819 0.15505454545454544 0.32912568306010925
0 0.8982545454545455 0.49191256830601093 0.1104 0.189672131147541
0 0.7719636363636363 0.5665027322404371 0.11956363636363637 0.1514207650273224
0 0.7566545454545455 0.09677595628415302 0.23389090909090907 0.19355191256830603
0 0.5888727272727272 0.25612021857923495 0.2696727272727273 0.25076502732240435
0 0.4631272727272727 0.10994535519125684 0.20072727272727273 0.21983606557377047
0 0.33043636363636364 0.35617486338797816 0.24578181818181818 0.2558469945355191
0 0.11661818181818182 0.3020218579234973 0.2332727272727273 0.6040437158469946
0 0.21665454545454546 0.07612021857923497 0.16625454545454546 0.15224043715846994
0 0.9101818181818182 0.3102732240437159 0.1796 0.13748633879781422