1 0.5641666666666667 0.265 0.10833333333333334 0.10166666666666667
1 0.2175 0.4558333333333333 0.08 0.145
1 0.2966666666666667 0.44416666666666665 0.10333333333333333 0.11666666666666667
1 0.35583333333333333 0.35833333333333334 0.095 0.065
1 0.4125 0.4066666666666667 0.09833333333333333 0.10666666666666667
1 0.5025 0.3516666666666667 0.09166666666666666 0.07166666666666667
1 0.5625 0.38083333333333336 0.11166666666666666 0.115
1 0.5933333333333334 0.44416666666666665 0.09333333333333334 0.105
1 0.7466666666666667 0.43666666666666665 0.10666666666666667 0.10333333333333333
1 0.6991666666666667 0.4075 0.06166666666666667 0.07833333333333334
1 0.6441666666666667 0.6558333333333334 0.09333333333333334 0.12833333333333333
1 0.30666666666666664 0.6191666666666666 0.09833333333333333 0.11
1 0.4175 0.6125 0.09166666666666666 0.11666666666666667
1 0.4925 0.6225 0.11333333333333333 0.115
1 0.4275 0.5383333333333333 0.1 0.06166666666666667
1 0.2225 0.2816666666666667 0.10666666666666667 0.11166666666666666
1 0.3491666666666667 0.245 0.13 0.125
1 0.44416666666666665 0.2275 0.08333333333333333 0.09666666666666666
1 0.5841666666666666 0.205 0.10166666666666667 0.07
1 0.6383333333333333 0.23583333333333334 0.07 0.09666666666666666
1 0.7233333333333334 0.24166666666666667 0.105 0.11333333333333333
1 0.17416666666666666 0.16416666666666666 0.105 0.10666666666666667
1 0.22666666666666666 0.08333333333333333 0.10333333333333333 0.08833333333333333
1 0.36333333333333334 0.13166666666666665 0.105 0.11166666666666666
1 0.3525 0.06666666666666667 0.08666666666666667 0.07333333333333333
1 0.495 0.1475 0.115 0.1
1 0.5283333333333333 0.05416666666666667 0.08166666666666667 0.08
1 0.6 0.115 0.09 0.10333333333333333
1 0.6991666666666667 0.11916666666666667 0.11166666666666666 0.09333333333333334
1 0.8275 0.25916666666666666 0.1 0.12666666666666668