1 0.7914663461538461 0.4893048128342246 0.05048076923076923 0.29411764705882354
1 0.8425480769230769 0.56951871657754 0.0673076923076923 0.36363636363636365
1 0.6790865384615384 0.21390374331550802 0.06370192307692307 0.28342245989304815
1 0.6700721153846154 0.4946524064171123 0.07572115384615384 0.3422459893048128
1 0.6147836538461539 0.20053475935828877 0.0673076923076923 0.32620320855614976
1 0.5649038461538461 0.2967914438502674 0.08173076923076923 0.25133689839572193
1 0.08052884615384616 0.7005347593582888 0.1141826923076923 0.5508021390374331
1 0.18088942307692307 0.8021390374331551 0.10817307692307693 0.39572192513368987
1 0.19651442307692307 0.4732620320855615 0.09735576923076923 0.41711229946524064
1 0.10216346153846154 0.24598930481283424 0.11177884615384616 0.42780748663101603
1 0.29867788461538464 0.4358288770053476 0.06490384615384616 0.27807486631016043
1 0.3046875 0.2620320855614973 0.06610576923076923 0.23529411764705882
1 0.3473557692307692 0.1925133689839572 0.05048076923076923 0.21390374331550802
1 0.3629807692307692 0.4197860962566845 0.06009615384615385 0.27807486631016043
1 0.3798076923076923 0.6443850267379679 0.07211538461538461 0.3315508021390374
1 0.45492788461538464 0.7219251336898396 0.0673076923076923 0.34759358288770054
1 0.4338942307692308 0.4946524064171123 0.06370192307692307 0.27807486631016043
1 0.40625 0.2727272727272727 0.057692307692307696 0.27807486631016043
1 0.4573317307692308 0.18983957219251338 0.06370192307692307 0.36363636363636365
1 0.5228365384615384 0.8850267379679144 0.052884615384615384 0.22994652406417113
1 0.7217548076923077 0.9037433155080213 0.054086538461538464 0.1925133689839572
1 0.5564903846153846 0.5614973262032086 0.06370192307692307 0.3422459893048128
1 0.6123798076923077 0.5641711229946524 0.06009615384615385 0.32620320855614976
1 0.9038461538461539 0.5775401069518716 0.06610576923076923 0.36363636363636365