1 0.1065 0.8855 0.207 0.227
1 0.3685 0.7615 0.325 0.345
1 0.4605 0.9145 0.294 0.166
1 0.584 0.7395 0.243 0.272
1 0.5115 0.5225 0.316 0.279
1 0.7395 0.5775 0.258 0.224
1 0.742 0.87 0.299 0.254
1 0.5515 0.219 0.27 0.289
1 0.511 0.0625 0.263 0.125
1 0.7435 0.084 0.241 0.162
1 0.911 0.224 0.178 0.26
1 0.334 0.4105 0.339 0.287
1 0.726 0.3395 0.36 0.339
1 0.9215 0.47 0.157 0.268
1 0.874 0.7115 0.252 0.305
1 0.13 0.4305 0.26 0.279
1 0.247 0.155 0.352 0.301
1 0.084 0.198 0.168 0.334
1 0.148 0.6525 0.296 0.287