1 0.725 0.9075025693730729 0.09666666666666666 0.18088386433710174
1 0.17366666666666666 0.3540596094552929 0.15733333333333333 0.27132579650565264
1 0.13866666666666666 0.20606372045220966 0.158 0.20554984583761562
1 0.45866666666666667 0.2749229188078109 0.16266666666666665 0.24357656731757452
1 0.49166666666666664 0.5097636176772867 0.18733333333333332 0.28879753340184994
1 0.576 0.23278520041109968 0.152 0.24768756423432683
1 0.6226666666666667 0.42805755395683454 0.142 0.3011305241521069
1 0.741 0.45889003083247687 0.11266666666666666 0.2343268242548818
1 0.525 0.8232271325796505 0.124 0.22816032887975335
1 0.29833333333333334 0.921377183967112 0.13333333333333333 0.15724563206577596
1 0.042666666666666665 0.8581706063720452 0.08333333333333333 0.1593011305241521
1 0.116 0.8669064748201439 0.07533333333333334 0.13257965056526208