1 0.2305 0.239 0.13 0.108
1 0.593 0.8365 0.151 0.136
1 0.5705 0.751 0.127 0.128
1 0.6445 0.6955 0.141 0.165
1 0.7045 0.6345 0.117 0.153
1 0.4795 0.685 0.16 0.118
1 0.4425 0.5915 0.122 0.127
1 0.5545 0.595 0.145 0.129
1 0.631 0.496 0.171 0.11
1 0.5285 0.4295 0.124 0.14
1 0.7415 0.5455 0.119 0.133
1 0.798 0.545 0.104 0.112
1 0.8555 0.5115 0.145 0.129
1 0.7275 0.4235 0.104 0.116
1 0.225 0.5465 0.136 0.178
1 0.2425 0.4355 0.133 0.114
1 0.4145 0.4765 0.116 0.158
1 0.3595 0.42 0.094 0.128
1 0.285 0.346 0.119 0.114
1 0.1805 0.3425 0.133 0.135
1 0.0825 0.476 0.109 0.14
1 0.283 0.225 0.102 0.094
1 0.3335 0.1965 0.109 0.111
1 0.4775 0.2015 0.117 0.099
1 0.407 0.3215 0.153 0.141
1 0.627 0.387 0.106 0.127
1 0.791 0.3035 0.099 0.127
1 0.675 0.2415 0.133 0.136