0 0.3773818181818182 0.5582513661202185 0.1886909090909091 0.28650273224043715
0 0.19654545454545452 0.492568306010929 0.15527272727272728 0.28207650273224044
0 0.7012363636363637 0.3596174863387978 0.12283636363636365 0.196448087431694
0 0.8712363636363637 0.12256830601092895 0.1661090909090909 0.1860655737704918
0 0.9267636363636365 0.444535519125683 0.1257818181818182 0.14180327868852458
0 0.7783636363636364 0.48956284153005464 0.09632727272727272 0.14622950819672131
0 0.5022181818181819 0.7724043715846994 0.1985090909090909 0.2421857923497268
0 0.7636363636363637 0.6601639344262296 0.1985090909090909 0.2362841530054645
0 0.44079999999999997 0.2902185792349727 0.18967272727272727 0.28207650273224044
0 0.5980363636363637 0.3315846994535519 0.1484 0.25846994535519124
0 0.19556363636363636 0.8381420765027322 0.2555272727272727 0.28797814207650274