0 0.40149484536082475 0.5422007722007722 0.2883505154639175 0.1464092664092664
0 0.6380927835051546 0.4942471042471042 0.22396907216494846 0.1544015444015444
0 0.8351030927835051 0.5156756756756757 0.22458762886597938 0.1888030888030888
0 0.9154123711340206 0.35683397683397683 0.1588659793814433 0.15652509652509652
0 0.7967010309278351 0.217992277992278 0.22850515463917526 0.17972972972972973
0 0.6515979381443299 0.1391119691119691 0.19051546391752577 0.1764092664092664
0 0.15814432989690722 0.48945945945945946 0.20628865979381444 0.14270270270270272
0 0.11237113402061856 0.39042471042471044 0.22474226804123712 0.14652509652509654
0 0.1431958762886598 0.2391891891891892 0.2650515463917526 0.23277992277992277
0 0.31556701030927836 0.3798841698841699 0.20427835051546392 0.13555984555984557
0 0.4497938144329897 0.29050193050193046 0.19536082474226804 0.13061776061776062
0 0.4191237113402062 0.20664092664092665 0.20551546391752576 0.11976833976833977
0 0.3468556701030928 0.1357142857142857 0.1604639175257732 0.13231660231660233
0 0.5125257731958763 0.12057915057915058 0.17654639175257733 0.1286872586872587
0 0.5996391752577319 0.31938223938223936 0.22623711340206185 0.20324324324324325