0 0.4852 0.49924444444444444 0.15853333333333333 0.14222222222222222
0 0.47186666666666666 0.3125777777777778 0.14964444444444444 0.12742222222222224
0 0.46444444444444444 0.17924444444444443 0.14964444444444444 0.10368888888888889
0 0.6666666666666666 0.24075555555555556 0.13035555555555556 0.09035555555555555
0 0.33111111111111113 0.1970222222222222 0.09924444444444444 0.07702222222222221
0 0.23853333333333335 0.4222222222222222 0.13035555555555556 0.12742222222222224
0 0.7029777777777777 0.3814666666666667 0.09333333333333334 0.10222222222222223
0 0.84 0.4340888888888889 0.09186666666666668 0.11257777777777778
0 0.21702222222222223 0.19924444444444445 0.1111111111111111 0.09631111111111113
0 0.14075555555555555 0.34 0.11555555555555555 0.09333333333333334
0 0.8288888888888889 0.3244444444444444 0.07853333333333334 0.0948
0 0.5 0.07035555555555556 0.1259111111111111 0.057777777777777775