0 0.1874 0.23112 0.16444 0.17184
0 0.32816 0.26668000000000003 0.16444 0.15112
0 0.4052 0.18372 0.15259999999999999 0.20148
0 0.55184 0.31924 0.11704 0.15852000000000002
0 0.5081600000000001 0.43704000000000004 0.11556 0.12444
0 0.39704 0.68296 0.10964 0.13628
0 0.50076 0.69924 0.13628 0.13628
0 0.39556 0.88148 0.12444 0.14816
0 0.6052000000000001 0.5452 0.10815999999999999 0.18963999999999998
0 0.71628 0.5140800000000001 0.13776 0.16888
0 0.70148 0.24296 0.14668 0.16888
0 0.8674 0.32 0.15556 0.19852