0 0.1852 0.24075555555555556 0.14222222222222222 0.17924444444444443
0 0.35257777777777777 0.28146666666666664 0.17186666666666667 0.19257777777777776
0 0.3940888888888889 0.17186666666666667 0.1363111111111111 0.1452
0 0.5652 0.3111111111111111 0.09631111111111113 0.17777777777777778
0 0.7088888888888889 0.2311111111111111 0.12297777777777778 0.1511111111111111
0 0.8696444444444444 0.3274222222222222 0.1363111111111111 0.17777777777777778
0 0.5118666666666667 0.4533333333333333 0.08146666666666666 0.14813333333333334
0 0.39257777777777775 0.6792444444444445 0.10666666666666667 0.1288888888888889
0 0.3844444444444444 0.8696444444444444 0.1288888888888889 0.14813333333333334
0 0.5059111111111111 0.6881333333333334 0.12 0.1970222222222222
0 0.6059111111111112 0.5303555555555556 0.11853333333333334 0.16297777777777778
0 0.7185333333333332 0.5192444444444444 0.13924444444444445 0.15853333333333333