0 0.42153153153153156 0.58816 0.16906906906906907 0.20444
0 0.21576576576576575 0.8718400000000001 0.12456456456456455 0.14076
0 0.046156156156156154 0.5052 0.09231231231231231 0.18076
0 0.7212912912912913 0.5726 0.13903903903903903 0.19704
0 0.6250750750750751 0.81556 0.14903903903903903 0.19112
0 0.7969069069069069 0.83036 0.08342342342342343 0.16147999999999998
0 0.9242642642642642 0.79628 0.07786786786786787 0.17036
0 0.48882882882882883 0.25556 0.11012012012012012 0.12
0 0.35090090090090087 0.21775999999999998 0.11456456456456456 0.08592
0 0.6145045045045044 0.44372 0.14126126126126126 0.15259999999999999
0 0.7440840840840841 0.1926 0.11123123123123123 0.10371999999999999
0 0.9070270270270271 0.44816 0.11012012012012012 0.13776
0 0.3853753753753754 0.7866799999999999 0.1457057057057057 0.15112
0 0.3815015015015015 0.30816000000000004 0.12456456456456455 0.11852