0 0.16856000000000002 0.4969369369369369 0.17332 0.10723723723723724
0 0.39808 0.5505405405405406 0.18284 0.13156156156156157
0 0.6457200000000001 0.49762762762762763 0.14476 0.13156156156156157
0 0.82668 0.4983483483483483 0.16 0.14444444444444446
0 0.91716 0.36036036036036034 0.1276 0.12297297297297298
0 0.7619199999999999 0.2552552552552553 0.1638 0.07579579579579579
0 0.6180800000000001 0.35534534534534534 0.19619999999999999 0.11297297297297297
0 0.46668 0.2981681681681682 0.21716 0.10438438438438438
0 0.32095999999999997 0.37324324324324326 0.23428 0.10582582582582584
0 0.11144 0.3775075075075075 0.16191999999999998 0.09153153153153153
0 0.13904 0.2981681681681682 0.17524 0.11297297297297297
0 0.40856 0.20378378378378378 0.1162 0.08438438438438439
0 0.65144 0.13942942942942943 0.10668000000000001 0.11012012012012012
0 0.20668 0.23453453453453452 0.18856 0.0857957957957958
0 0.36951999999999996 0.12654654654654654 0.09523999999999999 0.07006006006006006
0 0.8124 0.17516516516516517 0.15428 0.08438438438438439
0 0.53716 0.19519519519519518 0.17524 0.07294294294294294
0 0.5038 0.11798798798798799 0.2 0.09867867867867867
0 0.5914400000000001 0.25312312312312313 0.17715999999999998 0.11441441441441443