2 0.220921875 0.49303634232121923 0.33246875 0.5015005861664712
2 0.431421875 0.31652989449003516 0.3645859375 0.5470926143024619
2 0.42317968749999996 0.7783001172332943 0.162328125 0.30871043376318874
2 0.648875 0.7618171160609614 0.322046875 0.4763540445486518
2 0.72309375 0.5034466588511137 0.189234375 0.2618171160609613
2 0.6571171875 0.1784525205158265 0.189234375 0.356905041031653
2 0.8893203125 0.25791324736225085 0.2213515625 0.4454865181711606
2 0.083765625 0.8653810082063306 0.16753125 0.26924970691676436
2 0.2335078125 0.8829660023446658 0.2118046875 0.23407971864009378
2 0.0811640625 0.3953341148886284 0.162328125 0.29048065650644783
2 0.148 0.07490035169988277 0.256078125 0.14980070339976553