2 0.366703125 0.35864978902953587 0.1533203125 0.2030590717299578
2 0.5668984375 0.15031645569620253 0.1220703125 0.17141350210970463
2 0.4086953125 0.23800632911392405 0.1025390625 0.12262658227848101
2 0.50390625 0.19449367088607594 0.07421875 0.1305379746835443
2 0.4033203125 0.07845991561181434 0.0859375 0.11735232067510548
2 0.4697265625 0.11471518987341772 0.060546875 0.1160337552742616
2 0.54296875 0.052742616033755275 0.087890625 0.10548523206751055
2 0.771 0.06724683544303797 0.1142578125 0.12921940928270043
2 0.6943359375 0.03691983122362869 0.09765625 0.07383966244725738
2 0.659671875 0.21624472573839662 0.1142578125 0.15559071729957805
2 0.722171875 0.1615295358649789 0.0302734375 0.05669831223628692
2 0.7094765625 0.2999789029535865 0.0751953125 0.13317510548523206
2 0.8017578125 0.18921940928270042 0.126953125 0.14899789029535865
2 0.8501015625000001 0.10746835443037975 0.0634765625 0.09625527426160338
2 0.8940468750000001 0.2327320675105485 0.0986328125 0.11998945147679325
2 0.947265625 0.2775632911392405 0.10546875 0.13581223628691982
2 0.96484375 0.05604430379746836 0.0703125 0.11207805907172996
2 0.9067421875000001 0.14240506329113925 0.0537109375 0.08175105485232068
2 0.8471718750000001 0.03231012658227848 0.1201171875 0.06460970464135021
2 0.6748046875 0.5445675105485233 0.111328125 0.1661392405063291
2 0.767578125 0.47732067510548526 0.05859375 0.06856540084388185
2 0.7583046875 0.5327004219409283 0.0576171875 0.0580168776371308
2 0.76709375 0.5755590717299578 0.0341796875 0.030327004219409284
2 0.8198281250000001 0.37645569620253166 0.1279296875 0.15690928270042195
2 0.9155312500000001 0.39755274261603374 0.0439453125 0.08306962025316456
2 0.947265625 0.4074367088607595 0.0625 0.11075949367088607
2 0.8857421875 0.4970991561181435 0.091796875 0.1371308016877637
2 0.9624062500000001 0.48127637130801687 0.0693359375 0.1371308016877637
2 0.9321328125000001 0.6276371308016878 0.0302734375 0.07120253164556962
2 0.8032265625000001 0.625 0.1142578125 0.13449367088607594
2 0.826171875 0.8181751054852321 0.12109375 0.1463607594936709
2 0.8754921875000001 0.728512658227848 0.0732421875 0.0804324894514768
2 0.9233437500000001 0.7443354430379747 0.0322265625 0.054061181434599155
2 0.9541015625 0.6810443037974684 0.091796875 0.19119198312236288
2 0.8168984375000001 0.9516139240506329 0.0966796875 0.09678270042194093
2 0.9038125000000001 0.9208544303797469 0.0810546875 0.0936181434599156
2 0.6137734375 0.38287974683544307 0.0986328125 0.14108649789029537
2 0.526859375 0.4184810126582279 0.1337890625 0.14108649789029537
2 0.5791015625 0.5246308016877638 0.0859375 0.13976793248945146
2 0.5883828125 0.6169303797468355 0.1005859375 0.08175105485232068
2 0.62890625 0.6498945147679325 0.078125 0.06329113924050633
2 0.666015625 0.3934282700421941 0.03515625 0.05933544303797468
2 0.487796875 0.33739451476793253 0.0224609375 0.03691983122362869
2 0.4853515625 0.3888185654008439 0.037109375 0.04746835443037975
2 0.5083046875 0.5424261603375528 0.0615234375 0.07515822784810126
2 0.4184609375 0.6479113924050633 0.1064453125 0.13844936708860758
2 0.53515625 0.7375738396624473 0.095703125 0.1305379746835443
2 0.2861328125 0.5015506329113925 0.119140625 0.19382911392405064
2 0.4091796875 0.5510021097046414 0.125 0.1661392405063291
2 0.448734375 0.4494725738396625 0.0673828125 0.10548523206751055
2 0.41553125 0.7547151898734178 0.1123046875 0.17273206751054854
2 0.484375 0.8325105485232068 0.123046875 0.14899789029535865
2 0.546875 0.8608649789029537 0.072265625 0.07120253164556962
2 0.595703125 0.8213080168776371 0.060546875 0.12130801687763713
2 0.6494140625 0.7316455696202532 0.029296875 0.03955696202531646
2 0.7119140625 0.7046097046413502 0.09765625 0.15427215189873417
2 0.7778359375 0.7217510548523207 0.1005859375 0.05669831223628692
2 0.7172890625 0.8008649789029536 0.0927734375 0.12262658227848101
2 0.644046875 0.8015295358649789 0.0693359375 0.11339662447257384
2 0.7036171875 0.8733860759493671 0.0751953125 0.06197257383966245
2 0.6391640625 0.8905274261603375 0.0380859375 0.054061181434599155
2 0.521 0.9515295358649789 0.1181640625 0.0969409282700422
2 0.585453125 0.956139240506329 0.1044921875 0.08771097046413502
2 0.66553125 0.9274472573839663 0.0576171875 0.09625527426160338
2 0.3291015625 0.9389978902953586 0.107421875 0.12199367088607596
2 0.36475 0.8727320675105485 0.0498046875 0.09757383966244726
2 0.2719765625 0.762626582278481 0.1318359375 0.20174050632911392
2 0.2431640625 0.20290084388185653 0.056640625 0.14240506329113925
2 0.2890625 0.2193776371308017 0.056640625 0.07779535864978902
2 0.271 0.27343881856540087 0.0419921875 0.05669831223628692
2 0.3271484375 0.175210970464135 0.0546875 0.06856540084388185
2 0.298828125 0.10658227848101266 0.15625 0.10034810126582278
2 0.294921875 0.02358649789029536 0.16796875 0.04717299578059072
2 0.2006875 0.087542194092827 0.0927734375 0.17507383966244724
2 0.046390625000000005 0.06050632911392405 0.0927734375 0.1210126582278481
2 0.109375 0.04981012658227848 0.046875 0.05010548523206751
2 0.0532265625 0.1862869198312236 0.0908203125 0.12262658227848101
2 0.03125 0.22122362869198312 0.0625 0.06592827004219409
2 0.1123046875 0.1289240506329114 0.060546875 0.08966244725738397
2 0.10303124999999999 0.289789029535865 0.0888671875 0.08175105485232068
2 0.0224609375 0.31616033755274264 0.044921875 0.09229957805907173
2 0.0234375 0.43285864978902955 0.0234375 0.03823839662447257
2 0.12646875 0.44208860759493673 0.1044921875 0.1885548523206751
2 0.1884765625 0.3491244725738397 0.08984375 0.1608649789029536
2 0.2021484375 0.25550632911392407 0.1015625 0.16877637130801687
2 0.107421875 0.5656645569620253 0.119140625 0.1529535864978903
2 0.22265625 0.5617088607594937 0.11328125 0.1872362869198312
2 0.1767578125 0.6381856540084389 0.044921875 0.1661392405063291
2 0.30859375 0.652035864978903 0.0546875 0.03823839662447257
2 0.155765625 0.807626582278481 0.0830078125 0.1463607594936709
2 0.2001953125 0.8036708860759494 0.05078125 0.06460970464135021
2 0.2270546875 0.9210232067510549 0.0908203125 0.15690928270042195
2 0.07178124999999999 0.8682805907172996 0.1318359375 0.16482067510548523
2 0.0888671875 0.8194936708860759 0.03515625 0.06460970464135021
2 0.0810546875 0.6902742616033756 0.033203125 0.030327004219409284
2 0.021976562499999998 0.6975210970464135 0.0439453125 0.055379746835443035
2 0.021484375 0.6098417721518987 0.04296875 0.17009493670886075
2 0.0131875 0.7845464135021097 0.0263671875 0.10021097046413502
2 0.042484375000000005 0.9651898734177216 0.0849609375 0.06329113924050633
2 0.7412109375 0.9661181434599156 0.076171875 0.06777426160337553