2 0.37107647058823534 0.2294792586054722 0.08333529411764705 0.088261253309797
2 0.42254705882352944 0.10885260370697264 0.09804117647058823 0.1235657546337158
2 0.6651941176470588 0.22359223300970874 0.09509999999999999 0.1059135039717564
2 0.5764705882352941 0.17137687555163283 0.08039411764705881 0.11032656663724624
2 0.8622529411764706 0.40747572815533983 0.06764705882352941 0.09414827890556046
2 0.9279411764705883 0.4118887908208297 0.09117647058823529 0.10885260370697264
2 0.968135294117647 0.3265666372462489 0.0637235294117647 0.13533097969991176
2 0.9024529411764707 0.2750838481906443 0.07352941176470588 0.07649602824360106
2 0.8622529411764706 0.16475728155339806 0.07352941176470588 0.0970873786407767
2 0.8872529411764706 0.07575463371579877 0.043135294117647056 0.08973521624007061
2 0.9666647058823529 0.03751103265666372 0.06666470588235295 0.07502206531332745
2 0.8161764705882353 0.027210944395410414 0.08725294117647059 0.05443071491615181
2 0.7666647058823529 0.14563106796116504 0.06078235294117647 0.08532215357458076
2 0.7401941176470588 0.3809973521624007 0.08039411764705881 0.088261253309797
2 0.775 0.5457458075904679 0.07745294117647059 0.12650485436893205
2 0.8838235294117647 0.6259223300970873 0.0637235294117647 0.08678729037952339
2 0.856864705882353 0.5670785525154457 0.0451 0.06913503971756399
2 0.9107823529411764 0.515595763459841 0.03333529411764706 0.03971756398940865
2 0.931864705882353 0.6053221535745807 0.030394117647058825 0.07502206531332745
2 0.9759823529411765 0.558252427184466 0.04804117647058823 0.12797881729920565
2 0.9730411764705883 0.4972021182700795 0.05 0.05884377758164166
2 0.836764705882353 0.29494263018534866 0.07745294117647059 0.08090909090909092
2 0.7823529411764706 0.3199470432480141 0.05686470588235294 0.0632568402471315
2 0.7308823529411764 0.0970873786407767 0.0637235294117647 0.0706090026478376
2 0.6269588235294117 0.08311562224183583 0.07157058823529412 0.07208296557811121
2 0.5328411764705883 0.13459841129744043 0.06568823529411764 0.08678729037952339
2 0.5004882352941177 0.24419240953221538 0.03235294117647059 0.029417475728155337
2 0.5568647058823529 0.23168578993821712 0.03921764705882353 0.0632568402471315
2 0.5946058823529412 0.36481023830538395 0.11470588235294117 0.14415710503089144
2 0.6485294117647059 0.29346866725507503 0.10294117647058823 0.1220917917034422
2 0.6455882352941177 0.41997352162400703 0.0637235294117647 0.08678729037952339
2 0.586764705882353 0.4501323918799647 0.07941176470588235 0.09120035304501324
2 0.6411764705882353 0.5354545454545454 0.08431176470588236 0.05884377758164166
2 0.6843117647058823 0.5788437775816417 0.04901764705882353 0.07208296557811121
2 0.7254882352941177 0.4655781112091792 0.043135294117647056 0.05736981465136805
2 0.7372529411764706 0.6759311562224184 0.08039411764705881 0.10738746690203001
2 0.8299 0.753901147396293 0.07548823529411765 0.1426919682259488
2 0.7372529411764706 0.7744924977934686 0.09804117647058823 0.1397440423654016
2 0.8774529411764707 0.7053574580759047 0.041176470588235294 0.06913503971756399
2 0.925 0.7722859664607238 0.09117647058823529 0.14710503089143864
2 0.9828411764705882 0.7906707855251545 0.034311764705882354 0.16328331862312445
2 0.9088235294117647 0.9458693733451016 0.058823529411764705 0.088261253309797
2 0.9593117647058823 0.9641041482789054 0.03627647058823529 0.0717828773168579
2 0.8696058823529411 0.9414563106796117 0.047058823529411764 0.088261253309797
2 0.9544117647058824 0.8524536628420124 0.03627647058823529 0.05736981465136805
2 0.7740176470588235 0.8693733451015004 0.09509999999999999 0.11767872903795235
2 0.7745117647058823 0.9605736981465136 0.047058823529411764 0.06766990291262136
2 0.8137235294117646 0.9420388349514562 0.08823529411764706 0.11591350397175641
2 0.7098058823529412 0.9471932921447486 0.09411764705882353 0.10562224183583407
2 0.6661764705882353 0.9149779346866727 0.07745294117647059 0.09414827890556046
2 0.7205882352941176 0.8451015004413063 0.0451 0.05148278905560459
2 0.6455882352941177 0.7678729037952339 0.08725294117647059 0.1412180052956752
2 0.5887235294117648 0.6207678729037953 0.0637235294117647 0.09120035304501324
2 0.6279411764705882 0.6384201235657546 0.05980588235294118 0.0794351279788173
2 0.5598058823529412 0.7090291262135923 0.058823529411764705 0.08237422771403353
2 0.5980411764705882 0.8031774051191527 0.06470588235294118 0.0970873786407767
2 0.5102941176470588 0.7855251544571933 0.10686470588235293 0.14710503089143864
2 0.48774705882352937 0.5759046778464254 0.09901764705882354 0.1485701676963813
2 0.43823529411764706 0.6700529567519858 0.07254705882352941 0.1220917917034422
2 0.4421588235294117 0.49278905560458963 0.08431176470588236 0.12062665489849955
2 0.4323529411764706 0.39570167696381287 0.08431176470588236 0.088261253309797
2 0.4622529411764706 0.32509267431597527 0.051958823529411766 0.11180052956751986
2 0.5196058823529413 0.48175639894086497 0.07254705882352941 0.07208296557811121
2 0.45245294117647056 0.26625772285966465 0.026470588235294117 0.023539276257722862
2 0.5387235294117647 0.4788172992056487 0.040194117647058825 0.05148278905560459
2 0.5490176470588235 0.4339541041482789 0.03333529411764706 0.05884377758164166
2 0.5161764705882353 0.656072374227714 0.04411764705882353 0.0706090026478376
2 0.5098058823529411 0.9238040600176524 0.08235294117647059 0.07649602824360106
2 0.47254705882352943 0.8899646954986761 0.07254705882352941 0.1059135039717564
2 0.4406882352941176 0.8105295675198588 0.07352941176470588 0.09120035304501324
2 0.5147058823529411 0.9758781994704325 0.0549 0.04825242718446602
2 0.5661764705882353 0.9729302736098852 0.08137058823529413 0.0541306266548985
2 0.34509999999999996 0.9560194174757283 0.07451176470588236 0.08796999117387468
2 0.2848058823529412 0.9677846425419241 0.08921764705882353 0.06443071491615181
2 0.3779411764705882 0.8811385701676964 0.06568823529411764 0.1235657546337158
2 0.2852941176470588 0.8178905560458958 0.08039411764705881 0.12650485436893205
2 0.3426470588235294 0.5692850838481907 0.07941176470588235 0.11767872903795235
2 0.31519411764705885 0.6626919682259489 0.08333529411764705 0.08973521624007061
2 0.31323529411764706 0.7605207413945277 0.06568823529411764 0.0794351279788173
2 0.36274705882352937 0.7928773168578994 0.08823529411764706 0.10297440423654015
2 0.38480588235294116 0.6715180935569286 0.06764705882352941 0.08678729037952339
2 0.3191176470588235 0.42879964695498674 0.09509999999999999 0.1162135922330097
2 0.3161764705882353 0.283909973521624 0.03823529411764706 0.0794351279788173
2 0.2872529411764706 0.274342453662842 0.05098235294117647 0.06619593998234775
2 0.3019588235294118 0.18828773168578994 0.06274705882352942 0.0794351279788173
2 0.3127470588235294 0.11253309796999117 0.0451 0.07502206531332745
2 0.3127470588235294 0.030158870255957634 0.09804117647058823 0.06030891438658429
2 0.37745294117647055 0.013971756398940865 0.03921764705882353 0.02795233892321271
2 0.1627470588235294 0.03603706972639011 0.09019411764705883 0.07208296557811121
2 0.11764705882352941 0.04119152691968226 0.07254705882352941 0.08237422771403353
2 0.06078235294117647 0.07354810238305384 0.08627647058823529 0.07649602824360106
2 0.19019411764705882 0.1691703442188879 0.08235294117647059 0.09120035304501324
2 0.17794117647058824 0.2721359223300971 0.09705882352941177 0.09414827890556046
2 0.09215882352941175 0.29861429832303615 0.07842941176470589 0.1147396293027361
2 0.14313529411764706 0.19196822594880847 0.06274705882352942 0.10443954104148279
2 0.10147058823529412 0.15666372462488967 0.051958823529411766 0.06619593998234775
2 0.03235294117647059 0.15372462488967342 0.06078235294117647 0.0632568402471315
2 0.013235294117647059 0.2228596646072374 0.026470588235294117 0.05148278905560459
2 0.07548823529411765 0.41262135922330095 0.0451 0.09267431597528684
2 0.11911764705882352 0.38393645189761694 0.0637235294117647 0.05884377758164166
2 0.14411764705882352 0.333918799646955 0.058823529411764705 0.0706090026478376
2 0.17107647058823527 0.42879964695498674 0.046076470588235295 0.05148278905560459
2 0.2348058823529412 0.42806707855251547 0.02254705882352941 0.05001765225066196
2 0.27205882352941174 0.33318623124448365 0.03627647058823529 0.06913503971756399
2 0.19901764705882352 0.515595763459841 0.06666470588235295 0.08973521624007061
2 0.25588235294117645 0.4861694616063548 0.052941176470588235 0.05148278905560459
2 0.2823529411764706 0.6001765225066196 0.03529411764705882 0.0441306266548985
2 0.13186470588235294 0.7009443954104148 0.09117647058823529 0.14563106796116504
2 0.18970588235294117 0.6170962047661076 0.05980588235294118 0.08973521624007061
2 0.2338235294117647 0.6729920564872022 0.07548823529411765 0.08973521624007061
2 0.10735294117647058 0.5354545454545454 0.08725294117647059 0.10885260370697264
2 0.14804117647058823 0.4751368049426302 0.03333529411764706 0.05589585172109444
2 0.02401764705882353 0.47219770520741394 0.04804117647058823 0.09414827890556046
2 0.06274705882352942 0.6023830538393645 0.07254705882352941 0.11915269196822595
2 0.0201 0.6200353045013239 0.040194117647058825 0.1220917917034422
2 0.03235294117647059 0.7509532215357458 0.06470588235294118 0.08973521624007061
2 0.04901764705882353 0.8789320388349515 0.06470588235294118 0.09267431597528684
2 0.0789235294117647 0.9510150044130626 0.061764705882352944 0.07502206531332745
2 0.15833529411764707 0.8524536628420124 0.061764705882352944 0.09267431597528684
2 0.19215882352941177 0.9054104148278905 0.04901764705882353 0.0632568402471315
2 0.2421588235294118 0.8598146513680494 0.07451176470588236 0.11915269196822595
2 0.3024529411764706 0.9083583406884378 0.046076470588235295 0.04560458958517211
2 0.1887235294117647 0.9736716681376876 0.05588235294117647 0.05266548984995587
2 0.23284117647058822 0.9488084730803178 0.057841176470588236 0.088261253309797
2 0.12157058823529411 0.9758781994704325 0.07647058823529412 0.04825242718446602
2 0.030394117647058825 0.9604324801412181 0.06078235294117647 0.07914386584289497
2 0.05098235294117647 0.24565754633715797 0.03921764705882353 0.04706972639011474
2 0.04657058823529412 0.3640776699029126 0.04215882352941176 0.06030891438658429
2 0.4828411764705883 0.09194174757281554 0.046076470588235295 0.06913503971756399
2 0.9632352941176471 0.19932038834951457 0.06568823529411764 0.1132656663724625
2 0.9735294117647059 0.14415710503089144 0.052941176470588235 0.07354810238305384