2 0.5109375 0.5784722222222223 0.37395833333333334 0.5736111111111111
2 0.7020833333333333 0.3229166666666667 0.2916666666666667 0.37083333333333335
2 0.9229166666666667 0.3013888888888889 0.15416666666666667 0.175
2 0.896875 0.5625 0.20625 0.38333333333333336
2 0.7864583333333334 0.8 0.31666666666666665 0.3388888888888889
2 0.8776041666666666 0.9125 0.24479166666666666 0.175
2 0.40208333333333335 0.9 0.19166666666666668 0.2
2 0.0984375 0.8069444444444445 0.196875 0.3861111111111111
2 0.18020833333333333 0.5138888888888888 0.15416666666666667 0.375
2 0.32135416666666666 0.43819444444444444 0.19270833333333334 0.3486111111111111
2 0.11041666666666666 0.18888888888888888 0.22083333333333333 0.35833333333333334
2 0.3546875 0.09375 0.184375 0.1875
2 0.6401041666666667 0.17430555555555555 0.303125 0.1625
2 0.5369791666666667 0.07708333333333334 0.184375 0.10972222222222222
2 0.42291666666666666 0.28194444444444444 0.19166666666666668 0.18611111111111112
2 0.2557291666666667 0.25555555555555554 0.13854166666666667 0.1111111111111111
2 0.234375 0.11458333333333333 0.05625 0.12916666666666668
2 0.052083333333333336 0.0625 0.05416666666666667 0.06944444444444445
2 0.9713541666666666 0.7722222222222223 0.057291666666666664 0.16666666666666666
2 0.8302083333333333 0.95 0.33958333333333335 0.1