2 0.4535572916666667 0.5297107114933541 0.3446197916666666 0.5538154808444097
2 0.8090260416666666 0.6235340109460517 0.314234375 0.5303596559812354
2 0.15234375 0.3420641125879593 0.3046875 0.3192572322126661
2 0.037760416666666664 0.48866301798279904 0.07552083333333333 0.1615871774824081
2 0.392796875 0.24693510555121187 0.09982812499999999 0.14985926505082095
2 0.7105052083333334 0.3205629397967162 0.20225520833333333 0.27104769351055513
2 0.916234375 0.49192337763878025 0.16753645833333333 0.4547849882720875
2 0.9340260416666666 0.15376856919468335 0.13194270833333335 0.30752931978107895
2 0.8363697916666666 0.10559030492572323 0.18316145833333333 0.21118060985144646
2 0.6458333333333334 0.1518921032056294 0.15798437499999998 0.3036200156372166
2 0.748265625 0.03978107896794371 0.140625 0.07956997654417514
2 0.19183854166666667 0.06128225175918686 0.11805729166666666 0.12257232212666146
2 0.3055572916666666 0.030007818608287728 0.07465104166666667 0.060023455824863174
2 0.4379322916666667 0.018279906176700545 0.1484375 0.03656763096168882
2 0.7065989583333334 0.8570523846755278 0.20485937499999998 0.2859030492572322