2 0.30292 0.46938 0.0625 0.07375
2 0.35208666666666666 0.51875 0.059166666666666666 0.075
2 0.42042 0.58125 0.06416666666666666 0.085
2 0.16541999999999998 0.74188 0.0525 0.07875
2 0.04666666666666667 0.79688 0.05 0.05875
2 0.0275 0.56938 0.055 0.08125
2 0.32666666666666666 0.38375 0.06833333333333333 0.0725
2 0.37916666666666665 0.62625 0.065 0.075
2 0.4625 0.35375 0.07333333333333333 0.075
2 0.5916666666666667 0.5225 0.07833333333333334 0.0675
2 0.5695866666666667 0.59125 0.0575 0.085
2 0.5070866666666667 0.64 0.0625 0.075
2 0.48958666666666667 0.57063 0.06416666666666666 0.06125
2 0.5262533333333334 0.53 0.0525 0.075
2 0.40875333333333336 0.46 0.0625 0.065
2 0.38625333333333334 0.34813 0.06916666666666667 0.09375
2 0.3441666666666667 0.2925 0.04833333333333333 0.0575
2 0.42708666666666667 0.23313 0.0625 0.07125
2 0.47042 0.21125 0.0575 0.0825
2 0.51792 0.20625 0.06583333333333333 0.09
2 0.5325 0.32 0.07833333333333334 0.1025
2 0.27666666666666667 0.55125 0.065 0.0925
2 0.29458666666666666 0.62125 0.0625 0.0775
2 0.20792 0.60125 0.05416666666666667 0.1025
2 0.17458666666666667 0.64 0.05416666666666667 0.1
2 0.13875333333333334 0.59 0.0575 0.065
2 0.20708666666666667 0.5225 0.0625 0.08
2 0.20958666666666667 0.4275 0.05583333333333333 0.0575
2 0.6866666666666666 0.47375 0.06166666666666667 0.08
2 0.6275 0.45063 0.07166666666666667 0.07625
2 0.42583333333333334 0.67813 0.09833333333333333 0.10875
2 0.36833333333333335 0.7275 0.05333333333333334 0.12
2 0.32958666666666664 0.72625 0.06416666666666666 0.0875
2 0.3037533333333333 0.835 0.050833333333333335 0.1125
2 0.48042 0.7675 0.04583333333333333 0.0775
2 0.5408333333333334 0.77 0.055 0.0875
2 0.5516666666666666 0.67 0.05 0.09
2 0.6245866666666666 0.3675 0.0575 0.0625
2 0.6358333333333334 0.67125 0.06666666666666667 0.11
2 0.7541666666666667 0.5025 0.07666666666666666 0.0925
2 0.7312533333333334 0.575 0.06916666666666667 0.0875
2 0.7637533333333334 0.65188 0.0525 0.10375
2 0.6525 0.83938 0.08833333333333333 0.10125
2 0.5558333333333333 0.8375 0.07833333333333334 0.07
2 0.38792 0.81188 0.060833333333333336 0.11875
2 0.43833333333333335 0.78438 0.051666666666666666 0.08625
2 0.6375 0.2525 0.06 0.0825