2 0.47412109375 0.5084635416666666 0.3330078125 0.44140625
2 0.1953125 0.17122395833333334 0.296875 0.3268229166666667
2 0.02880859375 0.5221354166666666 0.0576171875 0.390625
2 0.15966796875 0.7923177083333334 0.2177734375 0.3190104166666667
2 0.0478515625 0.8828125 0.095703125 0.234375
2 0.52392578125 0.9381510416666666 0.2392578125 0.12369791666666667
2 0.37939453125 0.7835156249999999 0.1669921875 0.22135416666666666
2 0.77734375 0.8995677083333333 0.22265625 0.20085937499999998
2 0.74267578125 0.6949739583333333 0.2080078125 0.296875
2 0.87646484375 0.4736197916666667 0.2099609375 0.3333333333333333
2 0.544921875 0.109203125 0.232421875 0.21841145833333334
2 0.3671875 0.030390625 0.060546875 0.06078125
2 0.27099609375 0.386953125 0.1904296875 0.17578125
2 0.68017578125 0.30296875 0.2099609375 0.20572916666666666
2 0.9111328125 0.25869791666666664 0.169921875 0.22135416666666666
2 0.921875 0.77734375 0.107421875 0.19791666666666666