2 0.65813 0.46 0.21375 0.215
2 0.34125 0.28563 0.235 0.18625
2 0.59 0.22625 0.2125 0.1875
2 0.42188 0.45438 0.24125 0.24625
2 0.22875 0.5525 0.195 0.1825
2 0.355 0.70625 0.24 0.225
2 0.56 0.63938 0.1725 0.23125
2 0.72688 0.635 0.18875 0.2475
2 0.9375 0.68313 0.125 0.27875
2 0.82813 0.26813 0.15375 0.18375
2 0.77125 0.40375 0.19 0.205
2 0.38563 0.09063 0.19125 0.18125
2 0.17 0.23 0.15 0.1725
2 0.17687999999999998 0.72625 0.15625 0.19
2 0.51375 0.8475 0.1725 0.1775
2 0.66125 0.8725 0.16 0.2
2 0.78563 0.78813 0.15875 0.20125
2 0.07687999999999999 0.84 0.15375 0.2375
2 0.93438 0.46063 0.13125 0.16625
2 0.23188 0.90625 0.18375 0.1875
2 0.11375 0.38625 0.14 0.145
2 0.62375 0.12437999999999999 0.1475 0.14875
2 0.8175 0.06 0.1675 0.1025