2 0.35775294117647055 0.44100313479623826 0.21497647058823527 0.3320062695924765
2 0.47754117647058825 0.6476175548589341 0.24064705882352944 0.30351097178683384
2 0.6614941176470588 0.44884012539184953 0.25989411764705883 0.31347962382445144
2 0.7711176470588236 0.8029310344827586 0.23957647058823528 0.38045454545454543
2 0.18235294117647058 0.8114890282131662 0.2577529411764706 0.3462539184952978
2 0.11550588235294118 0.22371473354231974 0.23101176470588236 0.3790282131661442
2 0.7427764705882353 0.23155172413793101 0.2877058823529412 0.323448275862069
2 0.5647058823529412 0.08620689655172414 0.2566823529411765 0.1724137931034483
2 0.34010588235294115 0.2123040752351097 0.2673764705882353 0.3505329153605016
2 0.06898823529411764 0.6889498432601882 0.13796470588235293 0.22940438871473356
2 0.07272941176470588 0.45667711598746086 0.14545882352941175 0.14106583072100312
2 0.5411764705882353 0.8811598746081504 0.20321176470588234 0.23768025078369903
2 0.3459882352941176 0.7715830721003134 0.14224705882352942 0.31775862068965516
2 0.9470588235294117 0.3013636363636364 0.10588235294117647 0.33769592476489024
2 0.9090941176470588 0.07123824451410658 0.18182352941176472 0.14249216300940437
2 0.8941176470588236 0.54217868338558 0.13048235294117647 0.23796238244514106
2 0.9299411764705883 0.8141849529780565 0.1401058823529412 0.3716144200626959