2 0.28906666666666664 0.5737250554323725 0.25104166666666666 0.28547671840354766
2 0.08854166666666667 0.7053769401330376 0.17708333333333334 0.291019955654102
2 0.5484416666666667 0.8831818181818182 0.23229166666666667 0.23364745011086474
2 0.2520833333333333 0.9108980044345898 0.28541666666666665 0.17821507760532151
2 0.47031666666666666 0.780210643015521 0.07395833333333333 0.12472283813747229
2 0.38645833333333335 0.09977827050997783 0.25416666666666665 0.19955654101995565
2 0.206775 0.24528824833702884 0.19895833333333332 0.28824833702882485
2 0.371875 0.31389135254988915 0.21041666666666667 0.2619179600886918
2 0.665625 0.436529933481153 0.26458333333333334 0.31042128603104213
2 0.6010416666666667 0.15452328159645232 0.23333333333333334 0.24251662971175167
2 0.11145833333333334 0.06028824833702883 0.17083333333333334 0.12056541019955654
2 0.8276083333333333 0.23490022172949002 0.18020833333333333 0.2120288248337029
2 0.8729166666666667 0.4178270509977827 0.11458333333333333 0.14273835920177383
2 0.8083333333333333 0.6208425720620843 0.20625 0.21341463414634146
2 0.8270833333333333 0.9243348115299335 0.08541666666666667 0.1164079822616408
2 0.9755250000000001 0.9545454545454546 0.04895833333333333 0.09090909090909091
2 0.9609416666666668 0.608370288248337 0.078125 0.32982261640798227
2 0.8697916666666666 0.06444567627494457 0.2125 0.12888026607538802
2 0.9661500000000001 0.3589246119733925 0.06770833333333333 0.1746119733924612
2 0.0974 0.44554323725055434 0.19479166666666667 0.33120842572062087
2 0.42656666666666665 0.628470066518847 0.14270833333333333 0.2979490022172949