2 0.49416750000000004 0.5117605105105105 0.14666749999999998 0.21521396396396397
2 0.27 0.5611861861861862 0.15833250000000001 0.2164677177177177
2 0.4225 0.7601351351351351 0.15833250000000001 0.22897897897897898
2 0.47208249999999996 0.3415915915915916 0.11916750000000001 0.15765765765765766
2 0.26125 0.924801051051051 0.1025 0.15040165165165165
2 0.55875 0.9147897897897898 0.1175 0.1704204204204204
2 0.46958249999999996 0.9360623123123123 0.1175 0.12787912912912913
2 0.58625 0.6612875375375376 0.0908325 0.1313813813813814
2 0.6391675 0.7882882882882883 0.105 0.19019144144144146
2 0.7154175 0.9254241741741741 0.1391675 0.1491478978978979
2 0.7970825 0.9116629129129129 0.0991675 0.17667792792792794
2 0.18958250000000001 0.6337575075075075 0.10416750000000001 0.22147147147147148
2 0.09958249999999999 0.5142642642642643 0.10416750000000001 0.18018018018018017
2 0.0933325 0.7138400900900901 0.0733325 0.14139264264264265
2 0.1241675 0.8007995495495496 0.055 0.17267267267267267
2 0.045832500000000005 0.8985247747747748 0.0916675 0.20295420420420418
2 0.11791750000000001 0.8940202702702703 0.0691675 0.12387387387387387
2 0.0754175 0.23335960960960958 0.08583249999999999 0.10135135135135136
2 0.0575 0.08133258258258258 0.0666675 0.09509384384384385
2 0.018332499999999998 0.2058295795795796 0.0366675 0.1138626126126126
2 0.0170825 0.3985247747747748 0.034167499999999996 0.12387387387387387
2 0.15166749999999998 0.3034271771771772 0.095 0.09884759759759759
2 0.1566675 0.10260135135135134 0.0733325 0.09009009009009009
2 0.1433325 0.21896771771771772 0.06833249999999999 0.08007882882882883
2 0.0895825 0.3910172672672673 0.0958325 0.11636636636636637
2 0.0358325 0.53365990990991 0.07166750000000001 0.15640765765765766
2 0.19 0.7776539039039039 0.0816675 0.1138626126126126
2 0.2491675 0.7038288288288288 0.04 0.06881756756756757
2 0.57 0.5818318318318318 0.0666675 0.08758633633633633
2 0.6195825 0.45858483483483486 0.0525 0.07882882882882883
2 0.5779175 0.4022785285285286 0.0725 0.08133258258258258
2 0.2325 0.23335960960960958 0.0766675 0.08133258258258258
2 0.2070825 0.19519519519519518 0.0741675 0.08007882882882883
2 0.2533325 0.11136261261261261 0.0616675 0.08258258258258258
2 0.2825 0.1376388888888889 0.0733325 0.08258258258258258
2 0.32625 0.2120870870870871 0.0591675 0.10385510510510511
2 0.4008325 0.1995758258258258 0.0883325 0.11636636636636637
2 0.4033325 0.09321696696696698 0.0783325 0.07882882882882883
2 0.33791750000000004 0.033156906906906904 0.0525 0.06631756756756756
2 0.545 0.15890765765765766 0.0616675 0.07507507507507508
2 0.5095824999999999 0.2627627627627628 0.0991675 0.09259384384384384
2 0.46708249999999996 0.25713213213213215 0.0558325 0.05130255255255255
2 0.2008325 0.4079091591591592 0.11 0.10260135135135134
2 0.2558325 0.4304316816816817 0.1 0.09009009009009009
2 0.3229175 0.4617117117117117 0.0408325 0.07007132132132132
2 0.6866675 0.3340840840840841 0.12666750000000002 0.18768768768768768
2 0.68125 0.44481981981981983 0.0641675 0.07632507507507508
2 0.6404175 0.5455442942942943 0.0641675 0.07507507507507508
2 0.82375 0.6750487987987988 0.1625 0.26651651651651653
2 0.9054175 0.8696208708708709 0.14416749999999998 0.24524399399399402
2 0.9579175 0.5374136636636637 0.0841675 0.22147147147147148
2 0.8604175000000001 0.4072822822822823 0.1141675 0.17392267267267267
2 0.8116675 0.18831456456456458 0.09833249999999999 0.10885885885885886
2 0.8408325 0.2927927927927928 0.1216675 0.11761636636636635
2 0.755 0.4473235735735736 0.0516675 0.07382507507507508
2 0.66125 0.12074699699699701 0.0808325 0.07382507507507508
2 0.65125 0.22960585585585583 0.1058325 0.09884759759759759
2 0.7554175 0.26338963963963963 0.0925 0.1138626126126126
2 0.80375 0.09071696696696696 0.0925 0.08633633633633633
2 0.9041675 0.26401276276276275 0.08 0.13513513513513514
2 0.9629175 0.39602102102102105 0.0741675 0.08383258258258258