2 0.5197937499999999 0.55625 0.38958125000000005 0.5375
2 0.11041875 0.17777500000000002 0.22083124999999998 0.30833333333333335
2 0.19739374999999998 0.48264166666666664 0.203125 0.3486083333333333
2 0.09948125 0.7868083333333333 0.19895625 0.30694166666666667
2 0.7171875 0.34791666666666665 0.29270625 0.37916666666666665
2 0.34739375 0.084725 0.18854375 0.09444166666666666
2 0.3984375 0.2673583333333333 0.15104375 0.184725
2 0.78125 0.7520833333333333 0.25833125 0.284725
2 0.8375 0.9361083333333333 0.325 0.127775
2 0.39010625 0.909025 0.153125 0.18194166666666667
2 0.9302062499999999 0.3195 0.13958125000000002 0.16110833333333335
2 0.8927062499999999 0.5590833333333333 0.21458125 0.30416666666666664